11110000001100000001011010110101
10101111110100000011001001000110
00010110101001010101011011110001
00000100100101100110001100101111
00101110101101001101001111000111
00001001101111000111010010011111
00111010101100101001010000110100
11111001100011100011001011011111
01110101001110001001111100111101
01011001111100001101111001110011
10000101111100101000101110100101
11101001111100010000110110000100
10011011110110010000100100110001
01110100101111111110011101111011
00001111100010010000000011011001
00100110100011100110001011001011
00010011000001001011111000110111
11110110101110110111100000111010
00001110100010101001000000011110
00000001100101010011100111001001
10101101010111010011100001000011
11110011001010000100001010001000
00001101111110001110001001001110
11100011000001111001010111000110
11011101110100011010110001001111
10000010011111001000001000100000
11100101111000001111101110011001
11100010000110101000101111101111
10000010010110111100110001101110
11110010011011010010010011101001
00101100101111100111110100001011
10001111101010001101001001000110
01001100110010111101011110110101
11010110101101110001100100100111
01101111101001101110000000101001
10110110000011011111101010010011
01010000110101110011100000011010
10001000111011100000010100001101
01111000001010100001010110111101
01110100000100110100111111100001
00000001011000101001010101001011
11100100100000111101010101001011
11010101100101101101100101111010
00001000011111110110100000101001
10111001101110000010100110100101
01000011100000111110100011111101
01010001001011110111110101100001
11001001110101001000110010011000
01010011110100000000111001111110
00010010100100001110001100000000
00101010001111011000111101010110
00001010011111111001110110101100
01010111110001000111000100110111
01000001010010010001111111111011
00001110101110111000010100100011
01110100011010001101100100110101
10101000111001110011001101110000
11110111101000011010010100111011
11010000101000000111000100010011
10000101011011010111011110110011
10001101001111100000100000011110
10010110110111100010101001000011
00100101110110001100011111000010
00000000000100100011010010010010
00111011010010110000011100101011
00001000000001111111000011000000
01010111001000010101110110101011
00001110100101000000110011111110
01100010001001000010101001011010
11100000001001010000100111101100
01010011101011110100111101011110
01001010010101101011001101101011
00000011111010000111101010111000
01010110000101011101001111000001
00011100001001110111011000011011
10011000101011011010110001010010
10001000011101011010100100100101
00111101010100100000111100100110
01100111110011011101010100100100
00100101111111100110000001011110
10100010111010101100011110011100
00011110110110110110000110101010
11100110100110011101101111101000
11011101101100111110101101110010
10101000001000000110111101110001
11000101010110101000101110101010
11101110110000011111001100010110
00110100000111001000100110000100
01100111010111110010001101110000
11001011100011010001111101110001
00101001000001110000101001111101
00100000110110100110010110011010
10110001001100000011110011000010
01110000001000010001110101000000
00011010011110000000111010101010
11100001001110011100000010001010
10000011111000000110100101100001
01100100100100100100100011101100
01110010000100011100000110000101
10111011101011010010000100001000
10100101000000101101100110011010
10111001111010100001010101110011
00110011011011000010101100100100
00110011011101101010111101101000
11000110110000101011101100011001
10101010010011001010001110001011
00011100000101000110100001101100
01100110000001010001111000000111
11110010001000011011001111101000
10001001010001001111000110101010
01011010010010111001100100000010
11000011011011011111100110000110
00110000011110100100100111111011
01100111111110010000110101000100
01000000100011101011011111010100
00111011000111101011110001001110
10111111111011110001110011101000
00101111000011101000111001101110
01011110011100001101111111110110
01100000010110100110101010100000
01011101010110011010101001111100
10110111010111100100111101111001
11111101010010100111111110000011
11111111000110000100101011000111
00110000001001011111111000001000
10010010100101011100011110100111
11101110000001011010011001110100
01011111010110111010101110010110
00001010110110101010100101111000
10111010100101010100011100110000
00011101100110100000111101111011
10101100011011101110011111011111
01000111110001100110111101110110
11100010001110101010011110011110
00101000100011011100100100100000
11110110101100001010000101110010
01111111110100100100111101011001
10010000000111100110100000011101
00011101001100000101110010011101
01010101001011111010101011111010
00010011010001000110111001011100
10011000000100100111110101000000
01101100110111011001010000110010
01100000000100100001110110110111
01111101110001110111001101101111
11101011001111111111101111000010
00011111101110101010101100001010
00101011101010010011100010101100
01111010100111000011100111101111
00110100010011000100110111100010
01101000100100111100111000010010
01100011010000110101011110010000
11100111101110000000100010000100
01001000000001111100011001000100
01100001100011100011110110101011
00101001111110000101001100101000
01011000111000110100110000010101
01011111001011100101100110111110
00010111111100101011110010001000
10100001111111110111101100101101
11111010110101100101111101110111
11011011101110010010101011111001
01100100101100011010111100010011
00001100100111110001001111011100
11011111011011101011011001100101
00010010010010010110111011010100
10001001000101001110011100110010
00100000010011001110111001010101
01100001110110001110111111010111
10101001010011101010000110000111
11001011100111000111100100010101
11111111111101110010000001111111
11100101100110110101001101101011
01011001110110011010011100011001
11110001000001100010011100101001
00110101101001101101001001110110
00101111001001000100111001011000
11100011110111011000000001010110
00001001110111110001101100010010
00111100100001000100110010001001
10101010000000100110111001001001
11010101110010111110101010100000
11100010010001100100110100110110
00010101001101110101010101010001
11000111011000111101100111101011
11011000110101000100001101010000
01011110110000000011000000110101
10110010101000000011011101101110
10001010100110010010100000100110
10111110001100100101010100010101
11010010011011001011001101010110
10010101000011011001100101011100
11001010011101010010010111111101
10110000110100100001111101101110
00100001011110001000011101001001
11010001111111011011011011000001
11111001111010010001101100011110
10000001010111100000101101011001
11001001011011010000100100000111
01110000000100000001110001011100
01100110001111110010110111010011
10110111100001000100111110000011
10110000000000110101110001000110
00101100111010110110010101101010
11011000010101001111000001101110
10100101110100001100110001011000
11010100100010100111001010000110
10100111111000010010101011100010
00101101111111101010111010101011
01101111000011100110011011000101
00001100111100101010011010011001
00110101010100111101100000011100
00100101111001100101010101100111
10011110010110001101010111001010
01101101000101101110001101111111
01010000110111001001000111000000
11100110000010011101010000111110
00000011010101111010010110000101
00111000100011001100011000101001
01111001100101100110000100111011
10001111000001100101110111111100
10001111111110111010010001000101
11111111011010011000000111101010
00010001001010100001101101010010
00001000101101010101010110010010
11111100110101001101100101000101
01100000000110011101101001110100
01011111110001001001010100110011
01001000001010010101111110101111
11100001011100010110011110100110
10010011101100111000010110001001
10011110110001100110111111111111
00000000000101100010111001001110
01100101000000111111000101000110
10010011011011110100110011111101
11101101100011111001100101100100
11110100001000101100101100110101
00110000100110001101000000010001
10110001011100001110110000100011
11111001001110110010010100111111
00011001010101101110001001110010
11110010010101000111100111001110
01000011110101000001101101100101
11000011001010110100110001011001
01101011001111101100010001110110
11101100110000110001110011000010
01000100110111010001010000101001
11111000011010000111111101101100
11011100111001111101010100110100
11011001101010001010101110111000
01110111010110111111110001001001
00100110100011111001101111110011
00100111010000010100000001000100
11100011011101111101010011101101
10100101011010000101100100001100
00101010111110011110001010110000
01000001110110101010000111001110
11011110110010011100110010000000
01110110011001010101000000001000
00001111000101110010010111010001
10001111111010111001000111100100
00001100101001011110010110011011
10000101100111000100101111000011
10001110000000110000100001011000
11001101111010011001001010011011
00101000001010100010000001111011
10001000010111001101110011010100
11101111101101010010111001010001
11111001100101110000001110110110
11000010101000011100100011010001
10111100110000011000001111110101
10111000000010101011111000111001
11011011000110000101000010110100
11101100011000000101110001000001
00011011101000001100001101010101
10111001011101001110101111011101
11100011101010110001001100101010
11110100011100111001100101111011
00000101011101001001010010110110
00101111011101000111011100001101
00010010100111000110000010000110
11101111111000111101011000000110
10111001110000010011000111110110
01011011101000010101000011110001
10001111001100101100100101000000
01111000111011010001101001101011
00011111101011010111011010110111
11011110001011011000100001100000
11001011110011001001101100000101
00110000111100001111111011101000
11100010100101000101110101011000
11110011010011011010000011110101
00111010011111111111001111001111
11101010010000001001011100000111
01001010111000010101010011001000
00101110110111110000001111011100
11000011111000101001001000000101
11101100100010000111011010101110
01100101110000001010100110111010
01000110000011010010101100011000
10111110001111100110101000100101
00101111101000010001000010111010
11100000011011010011011010111111
01110110110111111101011110011011
10111110010011001011000111001000
11001100101100101011001011111100
11010011011000011001101111101000
11011101000101110010110110010011
00101100110100100001010111111000
00010111101011100110011110001101
10111011000100010010100101010001
01100001110100100111010101001000
11101010111000001101000101001010
11101111101000000111011001100010
00000000000000011110001001111000
00001100011111100011100110001110
10001100100110000010010100100111
10011000111100111100111010001001
00101111011010010010000011010001
01010011111001010100100111100010
10110011110000101101011010100001
00011110101010111001010100101101
01110001111010001010001101101111
11111110000010100110000001110000
00100000110011010001001010010001
10011111001010011110101101100111
11101011001011110000001000101111
00110010111101101011101011011011
11110001000001000010111011111100
01010010101100001110011101010011
01000100101011110110100010000011
01100010000000000100111101010110
00010101111110000011100001001101
10011110011010011101111111011100
11000011110100000100011111011110
11001000101001000110101111001001
11100101110110101100111010101000
00010101000011110100101000100100
00001111000001011011000111100111
10110000111101000001011110011111
01111111101001100010100001111100
10000000110100110101001010110101
11101001000111010101011000001100
11111110010111111000101100110010
10000010010110011110010101000001
01100111111100100111010000110000
10111111010110011001100010110011
00000111000101101010011100111110
00101111000011001100101110011000
01000110101000011001101101001000
01100000010010001101110001101111
00010011100001000011110010000010
11001111110110110010011011010101
11100010000101110100100000101011
11010000010000011101000101110101
10010110101001011110100110010011
01010110101111010111010001001110
01010100001100011011110110001010
11000111100111111011110101010101
00000110011000100110000011011011
00101110111001110010111111101101
01010000011011010100101100111011
11110101011101111100100100011011
01100010110110111101100100110011
00000111001011101001010101011010
11100110010001011001100111100001
01010100111100001001011100000111
00100100110110010010001001101110
11000011011110011101010101110000
11011101000101001001000110110010
11001011100011100011000000100001
01010110011110001111100001001001
01101011100111100100101011010110
00000000011000110000111101001101
00001110101010000001101101000000
01001011110110010011111111100110
00111111100101000111100010101011
11100010001100110010011111000101
00011001101101011011100010111101
01010001110111110101100101010010
00111001010111000100100101101000
11010010011010100010011010001101
11001111011010000001101010010001
11101101101010000001011010110011
00011100011101000011000001111101
00111010010001010000011100000101
01000011010011000101001011010000
10110100010010111011111001110110
01111011110101010110010010111101
00010100111100010111100011010010
10010000000000001100010110010111
10111010010101010101110001000010
11011101001000110101110011011111
10110001000000011001101000000011
10111001100101100101011100010111
01110010101011010100010110011101
10000100010111110000001000001110
00001111111100011100110101100111
11001100001011001001011100110010
01101101011101100111000000010100
01110101010101010111111010111111
01010110100001001101111101010111
01011111000000100000111101000000
01100010100100011001000110001111
10111010111001000101000000000101
00100000010001111101001110100000
00000011010001101000010110111011
11011101101001111111100001000101
01101111100111001100110001110000
00001011011001000100110110001100
10000011001011011110100100111001
10000101101100101111111111000000
01111000110011011110111101110111
01111001101111110001010100000011
11010010011000000111010000101010
01011110011010100010110101100110
01111000111101100010011010100110
00010101000011001111010001010111
01110001010110010001011100010001
00101010011101000101100011010001
00010010111100010011101011010110
11000011110111001001100100110100
11101111011100011100100111001001
10000001011111010111001100010010
10111110010011001010000011101111
01100110101001011000000010111001
11111110011101000011110111111101
01110100010101110010010011100011
00100011100000000100111011110000
01110000001011110110111011000011
11101101000110000111101110001011
11101011000010101100100010101101
10100011101000100010001000110000
00101110010000111010001010111011
00000110001100010000111010010001
11011011001101101010010100111001
11111000001011111001000101101000
00100100000100101000110011010110
11100011010110001100101010011101
00100110101111110001011001101101
10001010110111001000011000110110
10011100110100001101110111000001
11010110110001100000011110101010
00010110010000001110001100110011
01111111010001001110010101000011
00001010011101111110010101100011
01101000001100000111011011101001
11100111011001000110100001110100
10101101001000011000111011100001
10011110010100000111111001100000
01011110000100011100000011100100
11111011111001100000111100011101
11000010010111010100111101111011
10110011110110101011000010010100
11111101110001001011110100100101
00101111100011000111011011011101
00110001011101011001100011010100
00001110001101000011010101101111
01101111100111000100011011111110
01011101010010101011011011110010
01100011010000110100100111001001
00110011000000010101111111101001
11111100000011100110000010101111
10011101001100111010101101101110
10000001101111010000110110110100
00010011001011011010011100011001
01110000010101010111001100000001
11010111000101111000100110011111
10000011001100100001100100011001
01011111101000110101010100001100
11111010010000100000010000100100
01111101010101101000000000110100
00001100011101101101011011111011
11011101001000010010110011000010
00011010000111100101101100110000
11110001010101010101101110011010
11000001010101001000001101001101
01011101101101101011110010111111
11101111101111111000010100110010
10000000011000010000100011000000
10101000010111010000001101101111
11100010111000110100100111111110
11001000001111101000111111101100
10101111101010011111100100010100
01101011000101010001100101010011
11010000101001100101010000001011
11000100101000111100111110001001
01111111001101101001110000100010
10101101101010111111000100101001
10111101101000001011011101110101
01111100100000000101101111100001
11101110110011000011001010001111
10010000101100000001110101001000
00101110101010110000111001101110
10010111000011001000110000011011
00000000100000010101100100001011
11011110100010010010001111011111
10000001001001111010101010111010
01010111101001010011110001011010
00010000110111011100101101100011
00100101000011010100000100011010
00000111111000110111111001010110
01010001011100010110010101101001
10100001101101010000101111001110
00011110110100010010010010110001
00111100100111000010101010000100
01000100000000110110001001000000
01011011000111000011001110001101
00110010001001000001010111110111
11110111001101000100101011011111
01001100001001001110110000010001
01101010000111111111101111100010
00100101011010010010110010010001
01001110111111100110000101011110
01100101000110110111010110001111
00001100100100001101000011111010
00111110111101101000001100000000
10001011011010010010001101000001
10000111010100110001101000001001
11100010010011000001001000010110
10001110010000110000110100100100
11011110001110011101100001001011
00100000101001000001010000110010
10000110011111110011001100101111
11011100111000000100000100100001
10111100000001100110000100001011
00111110000011101011110010111111
00011110000011000010000010101011
10000001110010100110011000001100
01101010010011010000011001001011
11010000011110000000011010100111
00100110001001101111011101010001
01110000100001001110101110100000
10101100000101101001101101100101
01100101000011000000100000001010
11000011011111111100110011100101
11111111101000110011011000000111
10000111010101111011001000001110
10010111001011010001010001101001
01000100110011111100100101111101
00000100010011000001001001011010
11100111101111110111110011110011
10010100111110001100111011010111
10100001110000110101010001101111
11110100101010001011101110101000
11110010111010110110010100111101
01011101110100100000111110111101
00001111001000011100010000100101
11010110111111001110101111000000
11101011101101100101111001000011
00010101101011010101010010010111
11000111101110000011110101000111
00000000100001011100111100111110
11101100011011101000111000000010
00111000010100101010110000001001
01110101101101000101101111000010
00011101001000010110010010001011
01100001011100110110011001010010
01011001110100000010110011000001
11011101010001000001000000100100
10101010111111110110000001000010
11010001010101011010000111010110
01111100011010011100110100111111
11011110001010001011011101101100
00001000001110001001000110001100
10011110000111010110100111011101
11000111001001010010110100111000
11100101011100101000100100001000
00011001100011010010110000110101
11110010110111110001001111000110
01011100111000110111001011001011
10010011010101101100010111011111
11110001011000111101010001011010
10000011010010111101110000000100
11011111011010101001010010101011
01011001000011100101011101010101
11001101101101111110111011111110
00100111000010101101011001100101
10111111111111111000010001100010
00110100110001110011101101011000
00100110111110101010101101111100
01001001100100110100001011101110
11110101000100001010001100010101
01011000010111011011110011011001
01010010001011101110001001100101
01011100001011101111001000011011
10111010111010011010110011011011
00111100100101001000010110110101
11001010100001001000111011110111
00100100011111111011100111111010
11001010100111101101000110100000
11100001010011001110100101000111
00001100110101100001111110011111
00111000011100011110101110101111
11011111101010000010010111101011
10101110001110110010110010011000
00001110011001101011101110001010
01111110010001000001110000001101
10110010110011011011101100100110
01001100100111011010110010001110
11101010011111000000000111010000
00011100011101101010110011010001
01011101111100100001101000011001
00100010111001100011000001100011
01100011110010111111101001111101
11110100101100100101111110011000
11100000100010110101111100010000
11010110000010001010010000100101
01100010011100111101101011010000
10011011010001011000100101000001
11001000001100101010001000001110
10010010010110011110110001010011
01011100000111111000110010011111
11000110110001011110110000001110
10100000010100001111110000011001
01000010101011001111000111111000
10110001000001000011100001100101
11010111010100000011110100001000
11001101001111100111101110111001
00100100100100001111001101100000
01110110111010111110010010011000
10100010010101111010001100000011
10110111011111100110011100110010
01101100101111010101100100011100
11100101101011100111101011101010
11001110011101011111000011101000
10110000111000011110010011110011
11011001010101011000011001100011
11111100011100101001001011101111
10011100010110101100110010110100
10010001100110010010100000111111
00100110111111110101110100110111
10000011000001011111100010110101
11100100100101000100111011011111
10011101011011010011100100001111
01001001100010001100000000110110
10111100101011100011110010110101
00011001010101010010111100111011
10001000101011010111111101010111
10110110010100110010011000100101
01011010110010111011101101101011
11101001111110011101001000000110
11001011000001010111001110001001
01100101110110010101100011101010
11100000001101111111110100011110
11000001001011101110110101110110
01101101101100110010011011001111
01000111010000101011111010100000
01101100111001000001110101001000
01100000010110110111010100101111
01100000110101000010000100010011
01111000011110011110100100010100
01001000110011000011110011110110
10110111000110101000101100100001
00100111111011011001101001000001
00110010001000101001110110000001
01111000010110000010111111100000
00111011001011101111010011101011
01000110011100100111011011000110
10000001110111010110001100010000
00100010100001111110011101100101
01011011110110100110100111110111
11000110100101111001111010111111
00111001010100100111111111011111
11000100011001011000010110001011
11010001111100110111100001000001
01101101101011011011100111011000
01011110010101000011100000110110
11101100101110011100011000000111
11110100111111101001110111100000
00011000001011100111110000110110
00101101000110001010101111110001
00000010101011011100001111111111
00101110010001100110100001001001
10110100001001010010001011110100
01110001100110110010101111011000
10111011110110000100101101110100
00011110111010101100010000001001
01100100101100110001111100011110
00000110110101110001010110011100
00100011111101101011011001100001
10000111111001111100110110110100
11000001101100110101111100100000
01111100100111101000100001101101
10100101000001010111100101110011
11111001100111001110010010110111
10100101010001001011100010000100
11100100000100000110001110001111
11001101001010100101011000100110
01011000001110001000010101010010
01110001000000111010101101101100
11001001000001101010101110100101
10100111001101011001001000010011
00001000101110110100010111010001
00101111010100100001101011000011
11111110000101111111000010111110
10110101000111001011101100000010
00101010011001101111001111011100
10011000011000001111001101011001
00111010011101011011000010100100
01001101011001100110111001100010
10001101010100111010101100010111
00011111001001001110101111011100
10111101110101100001101000000100
10111011011000110000111100111000
00111010111011001111110000000111
01100110000011011010110011101011
10001101101101010110000101010110
01011110101101111010001010111010
00011101110000010110101011110000
10010101010110001111001010001010
01001111111111111100011000101010
01100101111101100011010000001110
00101011100000111000011111100110
01101001101001110001111010011101
11001010100011001011001010001000
01011000000101110000000110001010
01111011001101000010101100101000
11111100101000011011001110110000
10001111111000010010011000110101
10000101000000001011001011101011
01101001111001001100000100001110
00110001101000100001011000000010
11000111000011110101001101101011
11000100011001111111010101100001
11110101011101110100001000101100
00010010100110111000100110001000
01001001011000001111110111111100
00010010110111000010001000011000
01010011101101000101111110110111
00000011011110011100001111100110
01011111100100000001100110010001
10110101100110111010100001111100
00101101011100111000010110011110
01010001010011001001000000011101
00010011101110111010010110101010
10111001001000011111010010000010
00011111000011111000110101011100
00110111101101001001111110011000
01001001100111110010011111011011
00110000011111110101001010110100
11101011001110111111110100111011
10010101011101001100011011110010
01110010101010000100111000101100
00101010011001010100011000000010
00111100110010010010101101111110
01111100100101110011100011100010
11000011111001100110000111110110
11100110000011010111110110100001
11100010001000110111010011111011
11110100100010101110011001010111
11000011111100111100011110111101
10011110101101110010010110001110
11110101001101011011111111010000
01001100111000110100011000011010
00010011110111000001000010011000
11101100000110111010100001100101
11111101100001101100101011010111
10001110000011010111100010100001
01011010001000010100100110111100
11110000101000110011010110111000
00010001110010001111011011110010
01000010111111000010000100100111
01011111000001000010101011000001
00101011101111101001110001011111
00100010100100011000100000001000
01010011000011111001101101111001
10010111101011111101000010001110
00100011101101000110000100000110
10011111000000111000010001000010
00110001110000101011000010110110
10011011110001001011101110101001
01011100001101101001111000111111
00101100100101000111101011000101
11000110111001110101100101101101
10100001010001101110101001001000
00001011101110011110100011110100
01001000011110000010001001101111
11000011101000101001010011001010
10001111000001101011100010000000
11100110101000100010111010110110
10101110111000010101110001010010
01011011011111101000101100011001
10100111100001100000001100110010
10010000110000101001001001000110
10000001101000100111111011111010
10011010110111101101000001101010
11010000100001110001111010011000
11100101000011010111001011101011
00010001111001101100101111100010
11011010101011011010000100101001
01111000111011111100110010101101
01110010011101111010111011011111
00011000101110111101110001011000
10110011100010011000100110011000
10100110011111100001011101000011
00110000011110110111011010000001
10000100000001010101100000010010
01110010100001000010011011001001
01000010000011100010111001110110
10000001101110100111110001111111
10110001100001101111111110101100
01000010111001100010101000100101
11101100110001001110110110010111
11000100001100010101100001111101
10000001010011111010100000101011
00110000001110101100011110110100
11000010110101111010100010001111
10101111100100110111111001000100
01110111110110001111111000100000
00011001011111111101010000101011
11001001010111000110001011010101
00000001000100100010010101000101
10011111111111000110010100111110
01011011111100110100100001000101
11011000100101001001000001100101
01110011101100101011100111101001
11111010001010011101110010010000
11011000011110110100101001100110
11000010010001100101111111101010
10110100100000000110110101010111
10001001011111100111011100001010
01111010111111110000000111110000
00100111111101010111111001110101
01010010001110001111010011001011
01111010011110011100010000101010
01000100011100001001011000001000
11001001011101111001011101100111
11110010100010011111111010010101
11001000111101001000001001000100
11110011110011101100000101111000
01011101110101010111011001000111
10101110100000100010011011011111
00000010101011101010100010111110
10111110000001111101111101000000
01110000001111100001110001000101
10010010111000100101101010100111
00001000000000000110001001010000
01001000001100111101111100111001
11000110010110101000100100010111
11011000001101110101100110111110
00110101011100110101111101011011
10011110010111000001100011001000
11100101001011001011010100101011
11011011011001000100001100101111
11010111000001111000100000111101
01101000110000001010111001111011
10100011100010000110101111001011
11101010111110101011110110111100
00010111110110000110111010100000
01111101010111010111000001110011
01011101001101001010100000110101
00011100110101111001000001011001
10110000010000111011011100110010
10111100111101001010001110010101
10001111110111100011111111001110
00010011000001111011110100101101
11001100111001001110000111111100
11011100000100100000011000001010
01101111111100001001011100101111
10111100100111001101010001110101
10011110011111001111101110001011
11101111101001011111000111011010
10010110111001010111010111111110
10000100100100110111000000111010
10011101000101011011010000111111
00110100010001111010111011001101
01000110011000001001001011011010
00010000111001010100110111001101
01001101111111000011000011111111
01110100011100000110111110100011
01100010100110111110011001110011
00101000010010010011000111101011
10001000001100011101110011000101
01100011000001110000010001111001
00001110000000110111010111100110
01100101111010110101101101000001
01101101100011101111100011000101
01010111011011110001011100000110
11110101000110111100101111010001
10010111111001111110000101111010
11100000001010100000111001110110
11010110101110010011111011000111
11011000011010001001001011001001
00100011011001101010110111010110
11001010110111100011000010000110
00001010111010010110000000111000
10000101001010001111100000000010
11111111110111101110011111111110
01101001101011011000111010001111
11001100101100000100011011000111
10111101011001000110111111010100
11110101011010010101011100110111
10001010110001001111111100010110
10110000111110100001111011001010
00001001000001001111000010101111
01110001101101000010100101001110
01110111100010100101111010010100
00101110010100011100010011000100
01100100010101000000111001110000
11011000110000010010100010010100
00100001000010001000011011110001
00011110011111000101110000001000
11100001110001011001100001111110
11110101100101110100000111011111
11111111101100110110101111110111
11000001110001011000101000111010
11101001000111000100100011011001
10010110110000100000100010110101
00101010001101111010110000000111
00000011000100000101000110011000
01111000011000000111000111000101
01111010000001100111110000001110
00001011101011101011001001111100
10010011111111000001110101010101
10100100100101101010100010000100
00100100100010111101100110010110
00101110010111010010110011100001
01000000001100100111110100011011
10100101011011000000010111000001
00000000000100000010110110011000
10110000011101100010100110110110
00111110010000011100000101011000
11101011101000011000001111000000
11010110110010000001110111000111
00100000101010110001010110001110
11110101010011111101110101111111
01100111111010001100001110100101
01110100111110100000001001010000
00111011101101011000100101100110
01010110110000000101010110001000
01001111011001111011101001011011
10100011011101101001101001101111
00111100010111011011101110011110
10011001000010010101010101001111
00111110001101100100010100100000
00100101010111100001100111101110
01011010111101111010010001001100
11111000000101001101010100010100
00011101010110000100111010001100
00011001101100001000110110101000
11001010100101001110110010011010
11010011001101111111000100001110
11101100100001110110101010111010
10010011001000011100101001001111
01100010100001101111100110101000
10000011110001111110001110101000
00111100101100111001010010010110
00100110111100000110010101100000
00100010000001001110011011010110
10100100111111011111001011010000
00101001000100011110000100100011
01001010100001010000001011111001
11000000000001010000000010011111
01101111010101110101100001111011
10000001010100110100000100011011
00010111111101101101111011001101
11001001100011101110010001001101
01110100111100100010000010101010
01010010000110010101000000001111
01111010011100001111100110111000
00010011010000010101110110000000
11000111101001111101000000001110
10010000001101110111001010011010
11010010100000111000000101100100
00111101000001101110011010100100
10100010101010010111001010110110
00100100000110101010010000010101
00111001101010110111010001000111
11011001000110110001001010001111
01000010110011010001001100010000
11011001001101110011001101010110
10000000000100010101100100001000
01100110100101101111001001100000
11100001110000010111001000000000
10110010001101001011100010101111
10101111101101111111011101110001
11100000011111110111101000001010
01000110000010010001010100101011
00101111101100001111111000001001
11110010101110010000001010001111
01011111001110000111010111101110
11101000011110011001110110110111
00011000110100000001110110001101
00000111001110001001100110101101
01100001100000001111011111010100
11110011000011010100111010001000
01011100010001111100111011001000
11111101010010010111000000011010
00001011001111110001101000011101
10100001000001010010010101011001
10011000001011010000111101010000
00011110000110111011000011001111
00000010110110100011111010010010
01011110101010101110111111100011
