00100000011000011100000011110001
11100000111110101010000100001010
10101111101000101111010101010110
00100001000100010011000111110100
11111100100110100110110010000001
00010000011110011011001110110101
10011001011001101001000001011111
00111101000001001010100011000010
01010111000100110000101110010000
11000101010111001110011100110101
00110111001000111100101111011000
10101011000001110011001110111001
10011010011111111110001101001001
11010001010001010011100001010001
01000101010011110000100010011110
00010111111111101111011011010101
01000011110100110011011100001010
01001001010001110110010100001111
00100001101010001001000010001111
10110000010111001010111101101000
01010010100011111000110001001110
01100001110110000010000100000011
11100101111110011001000001101001
10010100101001100100110111100110
00111010110010110100101011100011
11011010100111101011010110100001
01010100000100001001100000010100
11110001111110011001011010111111
11101010011000001010100111101101
11100001100100011111011100000110
11110010111001010011110001100010
00000100101111101000101010100101
00100011101011001001100110010110
10010100111011100100111110010000
10111111100101011011100001001100
00000000101000011111100100000111
11111010001011101100000100110111
01111011000111011011101101001000
10011001010110101100001100110110
01111101001001101110110110000110
01010101101100110001101011010011
11101011100010110010010000110101
10000001010110011000111110000111
10001011111101101011001001110000
10011110010000111010001111000111
10011001111110111010100110101100
10110110001011001011100110010111
11111101101110110100001100111100
01000000100011001010011101111111
10100001111010010011000000110110
01011110101110110000000001010010
11110000010101101100000111001010
10110111101101111100100111011000
01111001011000111001001001110010
11010001111100001001110101100001
11010010100100001001010110110110
00101010101111100010111100011000
00010100001000110011011010100111
10111011000000001100001011100111
00001001101100100110000111101101
00101011110101111111000011111100
10111100000010000111001111111101
10111010100011110110101111011110
11001001111100001100011001110011
11101101001101110011111010100101
01110110011111000011101000000101
11101111001000111010111010110001
01100110011010000111100001000111
01000101010100001000110100111000
11111011001011100001110100010100
01100101110100110101010110001011
11101101010001011011110101001000
10110011010110100000011101011000
01110010100000000110111011111011
00000101110110011000001110100111
11000101100011110101011111010010
00001011111111010111011110001011
00111111101111100001011000101100
10101010000110001100010111100001
00101111110101101101100100111000
01010101011000000010010001111011
00001010111011000110011110010101
10001111000011011001110111011000
00111010011111001111101101011000
10011010001111010000010111001110
11101101011100011011001110010101
00100000010111111001101110101000
01011100101100001101111000101011
00101101100000111010101011110101
11110011101001010000001101000001
10011000010101101101100010000101
11101001101110101000000111111011
11101000100100011101110100010111
01110001100101000110100001100010
10011011110110011011001111100000
00101100100001001001110000000010
10001010110010011001111101110001
00001001000011100010111001001101
01101010001101100001110110111010
01100101110001110010111101101111
10100011101100101000101110010110
00000010010001110010111000011000
10000011010000000011101111011110
01111110101000101001001110010010
11011101111111001110100011111010
00010111111001000110110111011111
01000010100011100001011011011001
10001111111100010011000011000001
01111001000100100100000110010010
00001010000011010111100110011000
00000010101111000001111111110111
00110011010011110001100111001101
01111100011010101010100010100110
10110011001100110101110000011011
00000101011100101101000100000101
10100110101001100101100011100000
11001010010111001000110001010001
11001000101001111010110001001101
00001011101010111100111011111000
00000010111101011011111001000101
11010110001101101101110101101011
01000001111011101100011010101111
00111101110101011111110010100110
10111110001011110100100100011111
00100110011100110001110011011100
11101000101100000010000000000100
00001110001101010111011101000110
01110111111111001101011100010110
10011010000101110110101101001010
11000001001101000100101000010010
11110000110011101111100110111010
01110111001001010010111011110101
00010001011100010001111110110100
11000111110001110010001011101110
11001011101011010111110000100010
11000100110101001001100000011001
11110001101100000001011101111001
01010001000000000110111011111111
01000010110111001000101100111110
11101101010100111010001111000011
10011101100101110010100001000111
00011100101001011001000110110011
00010011000100111101101000001001
01011110101111100110110101110000
01100111100011011110100000111010
11110101001100100111101000111101
01001111111111111110000000100100
01100010011100111100100000010101
01100001111111110010110110100110
10110101011000011111011101110110
11011101111001101100110111011101
11100000010111111000111100000011
11110111111111101000000110100001
11111010001000011001001011111011
01000010001000001010001001000110
11001000001101100110100100101011
10110011101011101100011001100100
00110001100100110100100010000110
00010011110011100001011011000011
01010100100111101100111010010000
01100100100110000010110001011100
10100100000000111011000100101110
00101000111111101100001000101110
01001111100101111010101001001101
11100110011011100011110001010111
10101000011101000011111000100100
10011011001111101110010100100111
11000101101100011010010000100100
00011000010110011001010001011010
10001001101100111101011110111011
11101010001001011001111000010101
10101000011111010000011101011111
10101011010111100101100111000000
01100000011100000011100110100011
11011010101010000110010100100011
11010110001110110110100100000111
01001011110111011001001111011111
00011000101110000000000100101101
11111011101011111100010011111000
11111110000011110011000110011111
10011000111100111100000101000001
00111011101000001011011010000110
11001111110101010110111101110011
10111001000001000110111010101011
10110110111101110101110110000100
10011111110110011011000100110011
11110101111111100010100111000011
00100100110100000101001100100101
00001110110011000101011001000111
01011100011010000111011111101001
00101111101010111010000101010100
11000101111101111110010001010011
10010101000110111101011110011101
11100010000011000001001110110100
11110000001110000101011000001100
10011100111110110000100010100110
11101001011111101100010100101010
00001011000101000111100111100000
11011011001010000110001000100111
11010110100011101000001110111001
00110111011000011110011101011001
00100100101001100100011010010100
10101101010100011101101010011101
10111001000011110111110110001001
11001011111100111101110011001001
01000000001111000101011100111101
01000011010111011010100010101000
00101101001110101111100001011111
11111101100101111110100001000101
01001010110101111111110100010010
01110011100100000000010111001110
00111011000110000100000010011010
00101100110110111110101100010010
11101000011100100010100111000100
00011001011000110001011000011110
11100010111110100100101011000110
10100110101101011001000000111010
10011101010000000100111011101101
01011110110011101001000101010000
11000010011010110001001101011000
00111000111000001010000000011011
11110110111000000001000000001111
11110110110110001110010001101000
10110100011111010111110010100000
10110001110110100100100001011000
10011110010110001111100011111011
01011000101000100010100111111100
00101011000010110100110100000000
01001110010001000000101001111100
11010100100001110010110111011111
11110011110010010101011011111101
11001110000100001110011100000011
11000001000000101110000110110100
00001010000101010011110001111101
01100011100100011010110001000111
11100110101010100111110011110111
00001010000000000001001000110001
10100011100101001001110011101111
10011111110010100010011110110000
10101101010011110101100100111011
10110001000001111010110111110110
10101110011001101110101110001111
10111010011010001000000011101100
00100010011000001011010000000000
10110100001000010001001111001001
10100100001000000100010101110110
00110000110111100000011001011110
11111010001111110010110010011110
01100110101101000011101101101111
00011010001111110011010110110111
11100001100110010001011100101001
00000001111011001010001111111010
11111001100110110100111001100010
10101010111111000100101010001111
11110010100111001100100101101010
00101100100110110011011101101110
11011110110100001101010101101111
00011111001000000110101001100110
10001011100100001010001101100110
10001111000101111001110110011110
01101011101111111101001001001111
10011001101111010010110010101111
01000110110000010100011101000001
11111101000100010101111011101110
10110110010001001001001100011110
11110110101100010110111001000001
00111010101001011010010110000100
11101111111000110100000100011010
00000100000011011001000100100111
11111000010011011100100110001110
11110011001000011000110010101101
00111011001011111110000011000001
11110011100011100001011101011011
01001000100110100010110011011001
00100000111010010111101111011010
00011111100010010001001110101011
11000100011011011110001011001110
10011111000110110111001011000101
00010000001100100110101011101100
10100110111000111010001111111100
10111010100010111101101001111000
00101011110001011100111100110111
01000100100001100110110011011010
11101010001000111010001101010100
00011010100110101001101111001001
01000101010000001111010100011001
11011001100010111001001001110011
00011000101101110100100011000000
00000101001101001101010110000101
00110000011111101110001000101000
10010100100100011111001110011111
00001011101011000001011101010001
10000110100100011100101011010110
10010111100011010111001111101000
00010101101101010001110011001111
10111111110110010111110111000011
00000100110111110010011101011100
01100100101010000100100110101111
01110111100110001010000111101100
11101011101110100011011011011010
00010001100011010011111110010111
00101000101011111100110000110010
00100000000110110100000010100001
00010110011110011000010111000110
11000110010000000010000010110110
11111101001010011110110010111001
10001100011110011010001011001011
10011010010100111100101111000101
10011010000110001001011000000010
01001010000001110000101110011110
01101011010011110101000010010110
01111001111010000111000110111001
00000100010100010010101000101101
10101001110101011011000111001100
11111000011001101111010111011001
01000011101000011101010100111100
01000110010100100000111111111001
10001110010111100101110110001100
10010010001100101010010011011001
01001010011000111101101011000111
00001111000000110111001011001011
10100100010011110010001011010100
10111010001011100110010001001011
01101111100110100100000011101011
10110001000101110000101011011011
01111101011110110101000011111011
10011011010110000011010110101001
10100010110010100101011000010100
10100110101110001010011101100100
11111000101010000100101111000110
00011100000000001101111100110111
01110000001100001100010000011000
11100111101110001110111111000111
11111000111010111100100010001000
10011011010110001010110100100001
00110101010010101100111110011000
11000110010101111000001000000110
00001011110010011001110111101011
10111101111100101111101100010011
00101001010111110000100101111001
01100000011100100001010011110010
00011111000000111110000000010001
10100111100100001111001001011111
10010011111100000110001001110111
10011100101110010101101000011110
10101101100110000001111001101111
11100010011101001000000100001010
00000011001000100010110001101011
01011111010000110000101011010111
11010001111010011101000011000111
11101010111000110000100111111010
00000101110111100010010000100010
11100000111010000100000111110100
11100000001101000010011110011101
11101111110011111101110101011100
11011111001010011110001110111110
00011111101100110011101001100101
11101010100001111110111100001100
10101000100010100110001000100100
01011011010000111011111110000000
10111101001000101100010001100110
10000000101010011001111110100010
11001011110011011111100001010101
11000101111001010101010000111101
01101100000101100100010011111001
10101110111111000010110000100100
01111110011011011111001010100100
11101011010011011010011000100000
00011011011100011100110100000000
11000101000000001000101111100010
00110110101001011010111101101111
01110100011011100010001111001000
11111001011111110101100110010110
00011111010110101100110000001011
00011111010001111011110111000000
11000110011110100011010101101111
10011110100000101010101000011011
11111100011100100111111100010011
11100111111001000000001111100100
00011011111101100110100110101001
11111111000010010111001101110001
11001010000100110111100010111100
11101101011010011111100101111101
10001011101110000011011001101010
10101000111101010111100100000101
00011101000011000011101110110110
10001111011101101000011111111111
00110010011011010110001011111111
11000100001111001111100100010101
10000101011010001100001101101101
11000000101110010100000110101011
11010001010001000100000100000111
10100000000100100000100010001111
11001001011000111110000011001110
01111101001100111001000011110011
00001011100011010110100100000101
10101111100001101011001101010111
10000100101101011001001111110111
00110010000110011110010100111111
11101011000100000110111111001111
01010101111111111101000110001110
11111100001100100011100110100001
11101011110110100001010000000001
11000001110000010100111011111111
10010111011000111001100100011110
10001001100110000100100001101100
01010010000000010001101111100110
00111100011110100000110110010100
00001000001101011011011101100000
10011011011110001110010101100010
11110111010010101010010010100000
01110011110000101111101000100110
01111011101000001010111110110000
10000001011111100000000100100000
11100010000000010100000111000110
11010100011000100010101110111010
01111111101010111001101100111101
10111000100110010110100011000101
11101011100111001001010111011000
00000010011001000000110111111111
01011110011110000110010011100101
10010000110110000000000000100101
01101011111010111000110111110001
10001111011110010110010100111010
01010101000001110110010100110010
10100001110010001011001111011001
00000010001010000111011001110011
10000001100001100101101010010011
01001000001110111110101001100001
00101000110001100001111010010100
01101110100011000111011101110011
10101011011000111010110111010100
00110010110000110000000011100010
01111000000111001000101010101101
11111011100110101011011011101111
11000110100010111111010000110110
11011011010101110110111010011100
00110001100011101011110110111110
00111001011010011101101111110010
11111001100101101001110000111100
10101101111010110001100010000111
11110110010101111000001100001010
00100101000111001100001011001000
11100000100100111001010110010010
11111111100001011000111010000100
01101111101010000011011001011011
10000011000011110001001000010000
11111010010010110100101111001100
11111101111000101010100111010001
00000100001111010000011100100010
00001100101100100101101001100011
10110000110010100101000100111111
10001011101110100001001011100011
01100011000111110010100110101110
11100110010110100011111001110011
11101011000110100001100001010001
10100011110000000110110101111100
01111001001010011000011111100000
11000111011000101111110001110000
01010111000001101100110111100010
10101111011010001111111010101111
01101111011110100010110001001111
11011110000111110000010101100110
00010100010111011100101100000100
10010100111010011111101011001011
10111110001000010100010010011110
01011101110110011011110001001001
00011100101101101101010001001011
11011100000101011010010100001010
01111111001011000010000011000100
11001101000011100101110001010111
10101100001010111101111011100111
00011100001010010001110010001011
10100101011000000000010001111101
10010100001010010010100000011111
01111000010011100100101000011101
11100100001010100101000100010100
00101101000011101100000111101101
01111000001100010010000100000110
00100000011001111111100001010000
10010000010101010001010110000010
00011111000110010010110001101011
01111100111101110110111110001011
11101110100101100101011100011111
11110111001110001011000011011111
01111000011111111100111111111111
10111110000101011000011111010001
10101010110100000010011100011101
11110001000011100100111110111001
01000110111010100101010110111000
10010101101011010010011100011010
10110010110011010000111010011110
11011010011001001101001101001001
10100111111101101000000011000100
11010011110100101101100010101011
11011000100000100000001101010100
10110100011110001000001101011111
11000001011110010100010110000011
00000001011110010010101000010100
00010011010000100111101011000100
10100011100111000100010101101100
11100101000000001010100101100101
01111111001010011000101000101001
01110110101110110110011101100111
11110100000111101111101100111110
10010010100000111001000011000111
11110011111110100000001110100110
00010101000010001100101000010001
00010000110011100110000000001110
01011110100101111011000101100101
01101010001100111011001010010110
10111111111001100101001100100101
01101001101011011001010111011001
11111011010010010001110001101101
00010001110111100101100111110001
11001111101101110100001110011111
01110101001111111111111010000010
11101010110001100101100111011111
01001001000010110110000111111100
11101111001100110010100111010100
11010100111101100000010101010110
11101001011111111100001000010111
00110101111010101000101011000110
01010000010101001111110010011010
11010101010001101111110010000001
01001101110001000010110001000100
01110111101101111111111110111010
01101011000110000100110100110001
00100010011011101100011001010101
11100110110010000101011000010011
01010100100011101010100100011011
11101100100011100100101001010100
10000110100110101010111001000101
11011010000010000010110001010111
11011110100000110000100011000101
00001100010100000001011001101001
11010011010001110010010010011101
11101101000011000100100101111100
00110011010000101111101001110111
11001011100000001001001100000001
11110000010001100001100101001010
01111000000111101010101111110001
00101000111100110101001001101111
01010101000001111110000110111110
11010101000101111101111000010010
10001001111011011001101100110111
10010011011101000010110100100001
01110110100100101101111111011000
11010101100100111110100101011011
10011000011001111111000001111001
11101010010100110010101111010000
01110110001100000110010101101111
01010101101011001000110111100011
11111010000101101001011000000100
00101011110001000100110100011001
01011100010110001010010100011101
11010100111010001001110110011000
00111100111100001010100010011110
10100111010101000111011001100100
01111011111101111100010000000101
10010010000001101010000100110001
00101000101111001011101000000101
00000000001101001110101111111111
11100001111000101100010110100100
11001010011000000110101110101111
01100110111100111101000000111100
00111011000010111111001111010100
11111110110001100100111001001100
11101111011101111110000001011111
01101100100100000101001110000101
01101000101100000010001101100000
00100110010010000011111111100011
11101110001001101100111101011100
10111111011011101111111110110111
11001111110001101100000001000111
01000110011100000010100011101010
00001100010100110011100110011101
11101111011001011110110111101010
11000111010010000111111011110011
11001001000011111110001110011001
00100100010001000101101010111100
00001101111101101000101000010110
01000110010010001010000010001100
11110000110111010100111011111101
00001111110001010001101101001011
01100110000011100001111001101100
01000010011110111101101110010101
00001001011000010011001001101000
10100101001010110011011000010110
10001110011111101011101100111110
01111101011100010001010000000100
01001110111010010000000101101011
00001011010110110110010111001011
10111010010010110111100000001010
01110011110010110110010010111010
10111011101010101001110110111110
11100000111110000001000011011010
00011100010101101100000100010011
00001010100001110001001010101000
10010010101110011010000000011000
11101011110101111100110101111101
11001001001000010101111100000001
01111011000101100111111000001110
01011111100111011110011001001101
11101000001000010010110010100101
10101110110101111100000111100101
00100101000001011100010101011010
10111111010001001001110011010000
01100010010001111000010010100110
00110101101000000010011011011011
10000001001100110100110011011000
00001101010101101111010000011001
01101111101000000000101111001110
01011000111011111110010011110001
11010101100110110000110000010110
01010001111110111001101000110001
01111010110011110000101111000001
00111100110110111100011101101001
10001101111111101110110001001010
01111011000111010001000110001111
00100001011111001000110100010010
00010110101010010000101011010001
10111100101011101010101011110011
01101100100101100010100110100100
11110111101101100010101101011000
11000101011110100010011110100011
10000011000011111000010101100111
00011101010100011111011000000110
10011101011010001101111010111101
11001100011110110000110000111101
01101111011111010001100001111110
00100111000010111111011101000011
11000001100101000000000010111100
01111010100110100010111111011100
01000111111100000100110011001001
00110110011001100001011001110100
10000110010101001010000111000011
11010111111001111110111001110111
01011110110100010011001101100100
10111000100100100100011110100100
01111011011100110011101010110010
10111111001011100111001001101011
01100110101000000010111111100000
00110100000110111110000101000010
01000101000100100010000001111011
00011010101101110001100100100111
01001010000101100000111100011001
11011101100011111111001000011111
00111010101101100110011000010110
11000011101110110111111001001101
11111001101011110111010100000111
01011010001111111010100100110101
10010100011101100001001111000100
00011000111100001000110111111010
00001011101010001100101111010001
11000010001011001100110000100010
01110000100111100011101101100000
11100001000010000000011111011000
00101101001001101001110111010010
01010111101001101011100000000100
10100000101000010101101010011111
01100011001110011111001010001011
10001001011100101011100011111010
10101101011010110010111001011011
00111110000000101010110010011111
00010101111100111010011110011011
11010000011000011010101010011100
01101111110101110000101011100110
10011110011101010000101100001101
10010110000111111111000001010111
01110001001001000100100111110010
11101010001111111111100010001010
11100001101101111111001101100011
01000100111110011111000100111110
11100100101110010101010100101000
00001001010010101011111101100010
10100011110111110110001111110111
01000000000011101110011011000001
00011000101001001101000111000000
10101011111110011010110011010101
10111101011111000111000100110001
11111100101001000011110100100100
10000001001100010101001010110001
01101000111000110111101001101100
01111010110111100000001101110000
01010010010010000110001010011110
11111010011101111001011001000000
01010110001100001001001010011111
11100000000100111100100100110011
00001010111011110010100110110101
10100001101000011000101101001000
00101000000110101101001010010001
01010111000110000001100000111010
01011100110111001001110011100001
00001011010000001101000111111000
01000000101010101110101011111010
10011110010000100101101010000011
01010101001011111011110010010100
01011001010100011011010100101000
11111000101011100001100110000011
11001101001110110000110010001010
01100110101101100111010111111001
10111010011000110101110101101001
10111011110000001011111010110001
11111010001010101110000111000001
11000111010111010010110111011011
01111111000111000111000101101110
01110010111010000011001011011010
00101111110100100100100010000101
10111100011010101010111000001011
00100001001011100001100111000111
00100011110001011100111011100100
10110110000010101111001011111000
01011100000100000100001010000101
00100111010011010110011011011110
01111011100101111001011110010001
00110110011000000111101010111101
10110101100010101000101000010111
00010110111110011000100110111011
10001101101001110110000111110101
10001111011010011011100001100101
00001010111000001101110100100111
10100100001011101011010101111101
01011100111010011110010011001001
11100111100111111000010001110000
11010011101111100101011001101010
10000101110001000101010101111001
10100011010000100100111101011101
10101011101111101111011100111010
01000111000100000000101111111110
10010000101000000100010111000100
00101011100001111010111110000100
10110010111000110111010001100111
00100000101010010001000000011100
00110011000100110111010001011011
10001001010111011011101011010000
11011011110010000111010101011001
10000101111010011111011111111011
00110010011000010101100010111111
11010000110000100101101111110101
11000010100011100100010100010100
11001111100001111101000110010101
10110111010110000111111011101000
00111111100010010000010100010110
00010111010111110011110111111001
01011110101101011101110110001110
01000110010000001001100110110000
01101101101001010111010101010001
01011000001010001100001010011000
10111010000100011100101000111001
10111100000000101110100110110011
11011011100001010010001001111101
11100111001101010010100100010101
00001101111110001110100110110100
01000011001010010001111000111101
00010010100101100111001111100000
00111101001010101101110000101100
10100110100111001000100010100000
00010100011001000110101011110111
00110000101110110000001001101000
00000100110100111010100110011100
11000001100100100111111101100010
10000110100010101111010011011010
00000000000100100100010101010001
10111001000000100000111000101101
01001000101100101110010100110001
00111101011100101111011100010011
11110100111011010010101100110110
11010001110101101111001110101001
10000010011110101100100011011101
10000110000001101111010001000010
10001101100001111010010111001001
00000001111110100010011110001011
00111011011101101001001111001111
11100010111111011100100000001001
01111011011101001100110010101111
00101111001110010000010000010111
10100011111011100111100001110010
01000100101010000101100001001001
10001110110110011011110100011011
01110101010001111101000100000111
00101100010111011011110111001100
01110100111101010001101110001011
00010110001011010000010111111000
00001011011111110101100110110001
10101001000101110000101011001110
00101010110001101111000010011000
10101101000101010111110111000100
00101101010000100001101011111110
01001001000110100100001101000001
11101011110111100110100001101100
00000001001101011110011100100111
10011000011010101111100100010001
01111001100000110010111111001100
00111100110000011010101010010011
11011011110101111101100010001010
11111011101100011000001100001101
00100001001010101011001011000100
11100100111010001100000011101011
11001001010100010110000100010001
01100101001101101101110111111010
00010000110111001110000111011100
11100110110001110010111111011110
10011111100111110010001101001001
11111011000101000011000011010011
01010101001011011000000101000101
01001100000000100100011111000011
01010101000101111110010011011000
01000101001001100110010010101101
11010010111111010011001110011101
00111110100001101010011101110000
01010110000100001101010010110010
01001010111010111110110100000010
00001010110101000111110011111001
11111011111111001011101101011000
11011010100101101000010100000101
00100001001001010101001111110100
10001100101011000100111010100001
11100011100011111100100011001111
10110100101111101110011010110000
11100011100100011101000010010100
11000100000100111011001011101111
11000000110010101110000101110011
01001000000101010101111100011011
11000001101111100010011100001110
10010011010100010011101101000100
01100110111010001011110101100011
01110011100000100011111011101100
10010000101110110000010010011001
11011010010011011000010101100101
10010001011100110000001001101111
00101100101010110001110101001000
11000111101101100010000011010101
11101111100010010101110111100001
01101000110010011111001010001011
01111010001011000111010011111101
11100100111111001100001100101100
01000011000100001001101010001001
10100010101010111101000001001010
00101111100110000100010110100100
00011110111100010011101000011000
11010100011001100110011000010100
00010100101100001111100100011001
01011010010001110110101011111100
11010000001011111000100110011000
11101011111011101101101101011101
10111001010011011111000010101001
00000100000011011110110101101011
11111101100000110000111001100001
00000001111001001010001010100011
01001011011101001010100110010000
11001010110110110101010010100011
11011011100100001010011100100100
11101100000001101111100110100001
11111001100100111101010100010000
01010011010111110111111111100111
11010001001100110101000111000111
10011101110101010101011111110010
10011010011001011100011001100001
00110111101101110110111001111010
11110000101010000010010000111000
11110011011111001011101110101010
11111001100111000001100100101111
10000011001001000101110000100110
11001110111111001110110001011001
01011010101010110110100010010101
00001110110000111110100000001001
00100001111001010101001110111101
00011000010001010110111110111011
00101011111100111110010101110111
00011101001011111111010110110110
11011001110010111000010100100010
01010100000101011111000001100110
11110011100000000010111010000001
01001001000001111110001101011010
01101001001011000100111101001011
00111111011011101100100000001111
11100000001000010100010111001010
11111110001001011001010110100101
11110100100100000110100001111001
00011001010100010101001110100111
10011011111110100100001111110111
11100000011011101101110110010010
00100011010010001100111111010000
01110100000000010011001010001000
10110110100010001010011001111001
10111111100000000001100000001100
00101000001001100111111100100011
10000111101111110011010100011100
11110011100110111110100101011100
00101000000111000000101111011000
11010110000111010010110100111110
00011000101110111000111111011010
01111010100111000011001011011100
00011100000111010101110101111100
11101110000101101011001001010000
00100100011111000100101010001100
10100001011000001101110011010010
10101101011001110001011111011110
00011001111000110110001110010001
01011011110111010101100101110111
10010010100111000001011111010111
00100011010010110101101101010001
01001110110100011110110111111001
10010101100111001011100101100000
10101100000101011001101011110000
11100100000011101000011010110101
00010101001000100110111010110010
10101001110110011001111111010110
11000011111010000001100110001010
00110110010011100011110101010001
10010110011111001000101011000101
10011010101010011011010111001001
10101010010100110011110000001110
10011111100111000010111000011101
10101001100110011111001101010011
10010101111110001010101011100110
00010111100101000101100101100100
00100101111000001100010011001000
10001010111000000110001011101101
00010000111110001010010111111111
00101011001100001110011100100101
10111001110010010110111111001111
11011011111101101101101010011001
00111010001111011000011011111001
00101001101001001100011110111001
01110110001010010111101100101111
11001110101101001001101111110000
10010101001000001101011011101011
11000000011111101111011000110100
10101111001001110101010000110101
11010001010101110011011111111010
00000000000110010011000011001011
01111100000111100110010110001010
11010000000110000110001101100111
01010101000001111100010011001100
01010100001101010111011110000001
11101000100011100100010101000011
11010010011101001111101101010010
11001100010010011101010001010101
00011000001101001011011110101101
00111111000001101000001011001010
11010100010000011110111010011000
00100101110111101001000010010001
00101101011111010000100000100000
11110101100101010011100010010111
01101101110111100011111011101110
11110001001100110000101101000110
01111111110100010000011011011010
11100000000001100010111010101110
11001100001000100100111110011111
00101001110100011111000000111010
10100011100010011000111100111100
01010101100010001011101110101010
11010010000110101000111000010101
01101101000111011011111010101000
00001001100010110010101010100000
11101010100010001011111100100000
10000101110010011011111010000101
10100000111110010111000100101110
11101001010011110010111110001001
11111010000010101000100100001000
01000110010001011111011101001111
01101100001011111100100000110100
01001010100011111011110010100010
11100110010011010111011011010000
01101011101111001101011100010111
11010110101101000101001000110100
00010100011000001110011010010000
10010110101000111110111100100110
00001001111010101001001100111101
11111110110110111001010000000010
01011101011111001100001110110111
10001100111010010000110111010001
00111111110101011100111100111001
10111001010100110111111000100011
11011011011011001000111001100001
01001100100100011111100010011110
01010011010010100110011101100010
11101001101110010101111100010001
01110110111010010100111011010000
00011110111111100010100100110101
10001011111010110001011010011101
10101111001100111110001011110100
11010100100010111101000001000111
10100111111001001101000011001111
11001111001101011110100101001110
00000101011111000100001010100111
11011100101100010001000000100000
10110111101000111110010101011101
11111011110101000001111001011110
